"id","value","biomarker","time"
1,2.52030587268973,"sVNT",2
1,2.53698075438984,"sVNT",23
1,2.53959244789293,"sVNT",32
1,2.59393334435411,"sVNT",104
1,2.49678390180011,"sVNT",106
2,0.206644625378938,"sVNT",2
2,0.383349469018175,"sVNT",19
2,1.95467583275576,"sVNT",84
2,1.68499393871775,"sVNT",87
2,1.34802511064105,"sVNT",119
3,2.62714531326504,"sVNT",5
3,2.69606549902216,"sVNT",29
3,2.56521713862748,"sVNT",44
3,2.79333129340978,"sVNT",52
3,2.67900718364363,"sVNT",108
4,2.36876938063501,"sVNT",6
4,2.38710639660363,"sVNT",22
4,2.37465601875872,"sVNT",30
4,2.28934437605522,"sVNT",81
4,2.38757271716744,"sVNT",109
5,1.28100013689224,"sVNT",2
5,1.18190095007885,"sVNT",17
5,2.92809059603697,"sVNT",51
5,2.64618055659182,"sVNT",71
5,2.48884037197597,"sVNT",114
6,0.837784269408107,"sVNT",3
6,1.00292089105264,"sVNT",34
6,0.792844755434922,"sVNT",75
6,2.8216968975254,"sVNT",98
6,2.51511049367349,"sVNT",114
7,0.101272652755159,"sVNT",6
7,0.161107418348136,"sVNT",81
7,0.239360139279391,"sVNT",84
7,0.299427969143829,"sVNT",89
7,0.0298846476660248,"sVNT",119
8,2.63432224543005,"sVNT",1
8,2.41835175187231,"sVNT",25
8,2.33772533035986,"sVNT",74
8,2.3901937880733,"sVNT",99
8,2.56790937931753,"sVNT",107
9,1.01495192270389,"sVNT",3
9,1.01354854161097,"sVNT",34
9,1.10621060033194,"sVNT",74
9,1.04340663776833,"sVNT",92
9,0.964632611324234,"sVNT",113
10,0.0504871805848795,"sVNT",5
10,0.235440329695154,"sVNT",11
10,0.137556508320897,"sVNT",27
10,0.116766711867538,"sVNT",32
10,1.68761712521672,"sVNT",119
11,3.05319212597478,"sVNT",5
11,3.01452669798093,"sVNT",49
11,2.99001222229017,"sVNT",74
11,3.21355748483306,"sVNT",101
11,3.07610819123759,"sVNT",107
12,0.754342919747047,"sVNT",2
12,0.691676965365581,"sVNT",13
12,0.610304062000225,"sVNT",23
12,2.45573006611055,"sVNT",84
12,1.7882396526041,"sVNT",117
13,1.14969932481907,"sVNT",2
13,1.186782344523,"sVNT",31
13,1.31999647127448,"sVNT",44
13,1.41951246593887,"sVNT",47
13,1.26068582624395,"sVNT",116
14,3.35291240697713,"sVNT",2
14,3.41389451838423,"sVNT",11
14,3.68072883682652,"sVNT",14
14,3.66789556076939,"sVNT",49
14,5.06568128507935,"sVNT",112
15,3.51727772557402,"sVNT",2
15,3.42653239831453,"sVNT",45
15,3.48117370917983,"sVNT",67
15,3.44079329943241,"sVNT",75
15,3.61716450877212,"sVNT",116
16,1.4836014375967,"sVNT",6
16,1.61839211469863,"sVNT",14
16,1.66284234731777,"sVNT",71
16,1.66164588623778,"sVNT",104
16,1.74001669790534,"sVNT",110
17,3.8926219512249,"sVNT",3
17,3.70054004822268,"sVNT",18
17,3.74813449623109,"sVNT",81
17,3.86047697350061,"sVNT",83
17,3.63005752827305,"sVNT",106
18,2.06453749056614,"sVNT",3
18,1.98092852441877,"sVNT",12
18,3.33958974135338,"sVNT",88
18,3.22160202189243,"sVNT",93
18,3.12493316741362,"sVNT",114
19,2.25385920882215,"sVNT",6
19,2.34182921476472,"sVNT",20
19,2.37905788794969,"sVNT",73
19,2.49939853829856,"sVNT",77
19,4.31718007782715,"sVNT",108
20,3.62992618709074,"sVNT",6
20,3.60123728971247,"sVNT",46
20,3.36986866314091,"sVNT",49
20,3.56456795762994,"sVNT",54
20,3.53322641712686,"sVNT",116
21,0.509458541559639,"sVNT",5
21,0.522268479817955,"sVNT",19
21,0.621152842900299,"sVNT",22
21,0.365905615201945,"sVNT",67
21,0.417363226317005,"sVNT",115
22,3.48143165987322,"sVNT",4
22,3.43537540402548,"sVNT",28
22,3.53790893159933,"sVNT",58
22,3.44477400273606,"sVNT",83
22,3.60710199140638,"sVNT",115
23,1.16534795340651,"sVNT",2
23,1.06767699441167,"sVNT",41
23,0.987241586538954,"sVNT",42
23,1.06342769076502,"sVNT",83
23,1.12873647262107,"sVNT",107
24,1.73824225012309,"sVNT",3
24,1.76855398333983,"sVNT",18
24,1.76512448983059,"sVNT",57
24,3.6893868711407,"sVNT",97
24,3.23602502314046,"sVNT",116
25,2.31575702980546,"sVNT",4
25,1.99019347785876,"sVNT",38
25,2.07909959627373,"sVNT",47
25,2.16137483788312,"sVNT",74
25,2.28381701646188,"sVNT",109
26,1.58688799904177,"sVNT",2
26,1.71296941845009,"sVNT",8
26,1.67926126660214,"sVNT",32
26,1.68576526713723,"sVNT",61
26,1.48125580357904,"sVNT",113
27,0.259304056544366,"sVNT",5
27,0.112578143830058,"sVNT",13
27,0.112197368275805,"sVNT",52
27,1.64767290816909,"sVNT",103
27,1.5383706709036,"sVNT",110
28,0.419801418187269,"sVNT",2
28,0.394601244825423,"sVNT",34
28,0.306808190867111,"sVNT",44
28,0.540162944424397,"sVNT",50
28,0.401900368094582,"sVNT",112
29,0.239747034173206,"sVNT",4
29,0.417175191393466,"sVNT",29
29,2.01738966261695,"sVNT",68
29,1.65560375673478,"sVNT",88
29,1.6540134597725,"sVNT",113
30,0.87363336957568,"sVNT",1
30,0.965272538627944,"sVNT",31
30,1.19608655082578,"sVNT",36
30,1.11353508810122,"sVNT",62
30,2.99884655800166,"sVNT",110
31,2.80724150601738,"sVNT",5
31,2.89969632680051,"sVNT",39
31,2.93390171039215,"sVNT",47
31,2.93987807919241,"sVNT",99
31,2.89062235538146,"sVNT",115
32,1.91949858503559,"sVNT",6
32,1.70695707425769,"sVNT",11
32,3.37512742808475,"sVNT",84
32,3.12389077502362,"sVNT",101
32,3.1747472278072,"sVNT",107
33,0,"sVNT",4
33,0.060359570828794,"sVNT",16
33,0.193895787978236,"sVNT",27
33,0.230070656447058,"sVNT",60
33,0.155747022099628,"sVNT",110
34,3.9286150897379,"sVNT",3
34,4.12206710982632,"sVNT",41
34,3.96226327789262,"sVNT",93
34,4.09593716340807,"sVNT",97
34,4.00246119381603,"sVNT",116
35,2.15182000231412,"sVNT",2
35,2.248888772516,"sVNT",9
35,2.25306220362586,"sVNT",38
35,2.22119589248149,"sVNT",47
35,2.21624357914939,"sVNT",119
36,2.12586516982386,"sVNT",1
36,2.01951792671643,"sVNT",27
36,1.94537296356658,"sVNT",85
36,2.03854232441075,"sVNT",104
36,2.1275870176917,"sVNT",111
37,0.811904168817231,"sVNT",6
37,0.968675374366361,"sVNT",14
37,0.93226945122893,"sVNT",36
37,0.970459517212058,"sVNT",83
37,1.20876632237724,"sVNT",109
38,4.04499125846902,"sVNT",5
38,3.86445598646282,"sVNT",24
38,3.73150941223007,"sVNT",70
38,3.62021504745403,"sVNT",94
38,3.76888851407902,"sVNT",119
39,2.41600530091267,"sVNT",5
39,2.45067908937261,"sVNT",37
39,2.4566238490801,"sVNT",50
39,2.54709873847893,"sVNT",92
39,2.28766039294458,"sVNT",109
40,2.63507862779527,"sVNT",1
40,2.78945979703948,"sVNT",13
40,2.75655915268839,"sVNT",16
40,2.74928423762663,"sVNT",41
40,2.80158148310255,"sVNT",118
41,2.29067573068037,"sVNT",2
41,2.29881168404792,"sVNT",36
41,2.34296751305014,"sVNT",68
41,2.43143594209804,"sVNT",85
41,2.26698183246254,"sVNT",111
42,3.1661446446536,"sVNT",3
42,3.02319187517203,"sVNT",25
42,3.09279109472419,"sVNT",93
42,3.09093176771833,"sVNT",96
42,3.29567178767438,"sVNT",117
43,0.340901008503303,"sVNT",4
43,0.188898095294598,"sVNT",15
43,0.151193780140518,"sVNT",32
43,0.0871167966020004,"sVNT",50
43,1.71030781567179,"sVNT",119
44,1.08297695092254,"sVNT",6
44,1.05043148864584,"sVNT",21
44,0.727237225785214,"sVNT",56
44,2.49713838161793,"sVNT",88
44,2.67512897272241,"sVNT",113
45,1.22502077931354,"sVNT",4
45,1.07961406700415,"sVNT",48
45,1.07720543798288,"sVNT",74
45,1.25169902895313,"sVNT",81
45,1.33378126000815,"sVNT",116
46,2.21945513076022,"sVNT",2
46,1.97689897842151,"sVNT",22
46,2.16042555344129,"sVNT",26
46,4.02120643369035,"sVNT",50
46,3.46210063066565,"sVNT",115
47,2.18646371174216,"sVNT",3
47,2.13447277043604,"sVNT",23
47,2.03519455405709,"sVNT",53
47,2.37272271987162,"sVNT",90
47,2.00264827915582,"sVNT",115
48,0.873190274020815,"sVNT",3
48,0.99806248494671,"sVNT",30
48,0.761160962413427,"sVNT",50
48,0.77793305750966,"sVNT",54
48,0.727548587926582,"sVNT",112
49,0.238366800828774,"sVNT",1
49,0,"sVNT",34
49,0.618389558162737,"sVNT",66
49,2.0141127384146,"sVNT",76
49,1.60646255953903,"sVNT",108
50,0.936130752196454,"sVNT",4
50,1.19423679626624,"sVNT",25
50,1.19503380279604,"sVNT",43
50,2.88996820011288,"sVNT",83
50,2.37979456806209,"sVNT",110
51,3.55450878652526,"sVNT",4
51,3.64356438606365,"sVNT",19
51,3.77862690742396,"sVNT",48
51,3.57378582687721,"sVNT",87
51,3.78027454112436,"sVNT",110
52,1.35623479272434,"sVNT",4
52,1.45635572229864,"sVNT",40
52,1.40632181881096,"sVNT",66
52,1.46289375516216,"sVNT",76
52,1.60672527352357,"sVNT",115
53,3.023254021391,"sVNT",3
53,3.25125023568638,"sVNT",8
53,3.38223357053469,"sVNT",26
53,3.26504154469089,"sVNT",75
53,3.08607540753104,"sVNT",115
54,3.65075341198483,"sVNT",3
54,3.71155960395438,"sVNT",29
54,3.75645131609302,"sVNT",39
54,3.461116218555,"sVNT",49
54,3.70307871179997,"sVNT",119
55,1.54733451111498,"sVNT",2
55,1.46621606041558,"sVNT",27
55,1.38426420328871,"sVNT",32
55,3.2238254805593,"sVNT",73
55,2.84248893559535,"sVNT",109
56,1.31874324823624,"sVNT",6
56,1.2849666672001,"sVNT",27
56,1.18062683945839,"sVNT",79
56,1.12711675257401,"sVNT",102
56,1.34236202409856,"sVNT",110
57,0.64540490681235,"sVNT",1
57,0.731226075161257,"sVNT",13
57,2.44454599379682,"sVNT",70
57,2.20551031609605,"sVNT",76
57,2.02879360040744,"sVNT",109
58,0.777738764635262,"sVNT",5
58,0.689177131437931,"sVNT",23
58,2.51659374715581,"sVNT",73
58,2.08891546676654,"sVNT",97
58,2.04346008971531,"sVNT",113
59,3.64788655021864,"sVNT",3
59,3.83516005840195,"sVNT",15
59,3.70561586892449,"sVNT",21
59,3.69533259469254,"sVNT",61
59,3.82271969450185,"sVNT",114
60,3.92319691456775,"sVNT",3
60,3.74571597244226,"sVNT",15
60,3.79818630140912,"sVNT",62
60,3.74806309333018,"sVNT",88
60,3.77760598620525,"sVNT",116
61,0.771636129393397,"sVNT",2
61,0.715036182383053,"sVNT",30
61,0.828681139256442,"sVNT",89
61,0.854994391925346,"sVNT",101
61,0.848379908193161,"sVNT",107
62,1.06746871054894,"sVNT",4
62,1.30402755812868,"sVNT",89
62,1.00566058657527,"sVNT",91
62,1.2305151734491,"sVNT",91
62,1.07859950731217,"sVNT",114
63,0.869650271606012,"sVNT",4
63,1.16662084241038,"sVNT",17
63,0.961638991793174,"sVNT",30
63,0.951690848566868,"sVNT",56
63,2.40090463051324,"sVNT",117
64,1.33353405031405,"sVNT",2
64,1.39429611277833,"sVNT",31
64,1.26665794847682,"sVNT",43
64,3.12226451345957,"sVNT",79
64,2.82400247499078,"sVNT",108
65,3.66845825052856,"sVNT",1
65,3.62414687351872,"sVNT",28
65,3.6956000205498,"sVNT",55
65,3.74503931303353,"sVNT",86
65,3.58751151564636,"sVNT",106
66,3.15531841586717,"sVNT",4
66,2.98381606982861,"sVNT",47
66,3.50364545747616,"sVNT",69
66,3.17849831937579,"sVNT",77
66,3.23943159353104,"sVNT",115
67,1.01518843589165,"sVNT",1
67,1.06836035200123,"sVNT",38
67,0.933193725166335,"sVNT",47
67,2.26090065637011,"sVNT",60
67,2.30963390933683,"sVNT",119
68,0.782735608839335,"sVNT",3
68,0.534258508539944,"sVNT",17
68,0.757893105744625,"sVNT",31
68,2.40950665485475,"sVNT",87
68,1.93937165281279,"sVNT",116
69,2.05131251616855,"sVNT",3
69,2.31176625586662,"sVNT",35
69,2.31361966122006,"sVNT",78
69,2.20149046885142,"sVNT",94
69,1.96275622218883,"sVNT",107
70,2.10689951648044,"sVNT",3
70,2.04079139707096,"sVNT",16
70,2.11373823744261,"sVNT",18
70,2.1948569414103,"sVNT",103
70,2.14104256348711,"sVNT",119
71,0.102055099828732,"sVNT",1
71,0.238316721523469,"sVNT",27
71,2.03127195063706,"sVNT",71
71,1.87966362494977,"sVNT",78
71,1.56386133265803,"sVNT",113
72,1.04998515698455,"sVNT",1
72,1.11006820325012,"sVNT",49
72,1.22807238917621,"sVNT",61
72,1.26322751902445,"sVNT",73
72,2.72045197248899,"sVNT",110
73,3.51412782766613,"sVNT",6
73,3.45150947938673,"sVNT",60
73,3.50137855820288,"sVNT",86
73,3.56926609858823,"sVNT",87
73,3.55762447459111,"sVNT",113
74,1.33468984368134,"sVNT",6
74,1.32683006026026,"sVNT",27
74,1.28640595399624,"sVNT",73
74,3.29463514390327,"sVNT",90
74,2.70412677260602,"sVNT",114
75,0.752645223876747,"sVNT",1
75,0.692073229158574,"sVNT",64
75,0.741939678298062,"sVNT",80
75,0.666978797287555,"sVNT",94
75,0.753520339574283,"sVNT",110
76,1.68075726573666,"sVNT",4
76,1.22265944998497,"sVNT",41
76,1.64965951317045,"sVNT",60
76,3.06009783653691,"sVNT",77
76,3.10757481665219,"sVNT",113
77,1.67623679198043,"sVNT",4
77,1.72009493975291,"sVNT",30
77,3.10277904436465,"sVNT",90
77,3.06355887881306,"sVNT",98
77,2.94993499495598,"sVNT",109
78,1.92273408488761,"sVNT",1
78,2.11505070108722,"sVNT",25
78,1.9578594904879,"sVNT",59
78,3.80050788548972,"sVNT",86
78,3.24043926686219,"sVNT",118
79,1.47697877341863,"sVNT",4
79,1.44157010647689,"sVNT",16
79,1.31214341224904,"sVNT",36
79,3.20166214309068,"sVNT",93
79,2.87731837299466,"sVNT",119
80,2.72537967101567,"sVNT",4
80,2.75664593122879,"sVNT",79
80,2.70512191694216,"sVNT",97
80,2.66665772575467,"sVNT",101
80,2.5815231157785,"sVNT",112
81,3.28664480659025,"sVNT",6
81,2.90686891130555,"sVNT",73
81,3.14246286399641,"sVNT",78
81,2.97960967594442,"sVNT",101
81,3.13379428815422,"sVNT",111
82,1.3962325220939,"sVNT",2
82,1.30526597424212,"sVNT",52
82,1.46467710755522,"sVNT",86
82,1.37735574241742,"sVNT",92
82,1.45497426206804,"sVNT",110
83,1.28414747705007,"sVNT",3
83,1.27093731537459,"sVNT",38
83,1.24316502580575,"sVNT",52
83,3.27418341470172,"sVNT",75
83,2.51534369414331,"sVNT",116
84,0.596250451408867,"sVNT",6
84,0.852046572904866,"sVNT",31
84,1.6741742644355,"sVNT",86
84,1.75683129408047,"sVNT",88
84,2.80942968383849,"sVNT",107
85,0.130449873240056,"sVNT",1
85,1.21990014398671,"sVNT",66
85,1.771562554836,"sVNT",88
85,1.52369365996215,"sVNT",103
85,1.71812256103845,"sVNT",117
86,0.207296756186452,"sVNT",5
86,0.369521534745908,"sVNT",14
86,0.338084248140381,"sVNT",16
86,2.30959458820068,"sVNT",70
86,1.92727542476216,"sVNT",111
87,1.86645065855284,"sVNT",6
87,1.82725944403496,"sVNT",46
87,1.91019928063578,"sVNT",47
87,1.72081068175019,"sVNT",104
87,1.66379270908592,"sVNT",112
88,2.83342843920434,"sVNT",4
88,2.85630183879027,"sVNT",20
88,2.85668667952326,"sVNT",79
88,2.82652592670875,"sVNT",83
88,2.88937268271045,"sVNT",119
89,1.86483704032378,"sVNT",4
89,1.85712646926512,"sVNT",12
89,1.84622087825594,"sVNT",83
89,1.95564811021078,"sVNT",104
89,1.75995441575348,"sVNT",119
90,2.0727283953048,"sVNT",2
90,2.18289827909305,"sVNT",58
90,1.9824770631362,"sVNT",60
90,2.13448582445665,"sVNT",93
90,2.00511687476093,"sVNT",112
91,2.29373416910842,"sVNT",6
91,2.20203947977679,"sVNT",16
91,2.28890961058542,"sVNT",23
91,2.30434061260584,"sVNT",69
91,2.15733323344023,"sVNT",116
92,3.04069153819562,"sVNT",1
92,3.01809604497513,"sVNT",27
92,3.14195898691259,"sVNT",86
92,3.13680845044796,"sVNT",90
92,3.19842925589773,"sVNT",111
93,0.663296485493133,"sVNT",1
93,0.890382530489147,"sVNT",59
93,0.829536096730853,"sVNT",68
93,0.733577115565019,"sVNT",99
93,0.860342248668226,"sVNT",112
94,3.09138352492606,"sVNT",5
94,3.04570176663636,"sVNT",9
94,3.07202532236404,"sVNT",94
94,2.99963182796569,"sVNT",103
94,2.99578906964616,"sVNT",110
95,3.31371511314493,"sVNT",6
95,3.39786186764562,"sVNT",48
95,3.47461894496177,"sVNT",59
95,3.46318899560124,"sVNT",98
95,3.58263157668313,"sVNT",118
96,0.773211693789254,"sVNT",5
96,0.607142164418476,"sVNT",16
96,0.642917275053618,"sVNT",49
96,0.607382711907933,"sVNT",85
96,0.5974935596641,"sVNT",117
97,0.994667395968233,"sVNT",5
97,0.846049747948875,"sVNT",62
97,0.91058747315818,"sVNT",76
97,0.707779751461206,"sVNT",88
97,0.864624959029492,"sVNT",107
98,1.21035658815185,"sVNT",1
98,1.17117875252321,"sVNT",25
98,1.20536662548538,"sVNT",43
98,0.974745850030276,"sVNT",56
98,2.48688735409487,"sVNT",112
99,3.33421502783878,"sVNT",5
99,3.34332550650455,"sVNT",72
99,3.60880527385784,"sVNT",96
99,3.36539565118063,"sVNT",96
99,3.30843873666704,"sVNT",116
100,2.44739197268724,"sVNT",4
100,2.42679954570501,"sVNT",15
100,2.221365361103,"sVNT",19
100,2.40075292124374,"sVNT",35
100,2.24920524260886,"sVNT",118
101,2.91880823471628,"sVNT",6
101,2.67659879231875,"sVNT",28
101,2.80020948606778,"sVNT",60
101,2.70028495022364,"sVNT",74
101,2.81947272985985,"sVNT",118
102,3.93864130546106,"sVNT",3
102,3.58643735218908,"sVNT",11
102,3.5265769480124,"sVNT",53
102,3.66338854322393,"sVNT",94
102,3.67948806272908,"sVNT",117
103,0.414270825698852,"sVNT",6
103,0.204471623052724,"sVNT",11
103,0.442612954498681,"sVNT",53
103,0.378529764956842,"sVNT",75
103,0.263553525539107,"sVNT",114
104,0.933686613152617,"sVNT",2
104,1.08267791579533,"sVNT",16
104,0.965104693357413,"sVNT",21
104,1.24695536426589,"sVNT",54
104,2.59251845862899,"sVNT",116
105,0.855004117992746,"sVNT",6
105,1.03751087004997,"sVNT",10
105,1.12360871684756,"sVNT",11
105,1.02015362776953,"sVNT",50
105,0.969824877810937,"sVNT",116
106,2.61288908132337,"sVNT",5
106,2.76878156380233,"sVNT",36
106,2.73248561005706,"sVNT",69
106,2.93634096249626,"sVNT",81
106,2.72995185679602,"sVNT",111
107,3.5867438111804,"sVNT",4
107,3.43561878025831,"sVNT",23
107,3.61350669423408,"sVNT",85
107,3.48520665647377,"sVNT",91
107,3.52113330985256,"sVNT",117
108,0.181835485828676,"sVNT",3
108,0.415327419364124,"sVNT",89
108,0.381645736701909,"sVNT",89
108,0.396807750855526,"sVNT",95
108,0.374246371229208,"sVNT",112
109,3.31127302334494,"sVNT",5
109,3.3400079339269,"sVNT",13
109,3.26229868205134,"sVNT",25
109,3.17026620481217,"sVNT",95
109,3.17996284575538,"sVNT",118
110,0.218393439597707,"sVNT",4
110,0.452375263096461,"sVNT",27
110,0.305026880220914,"sVNT",39
110,1.92537692554553,"sVNT",96
110,1.60693593514839,"sVNT",118
111,0.239235778176987,"sVNT",1
111,0.110656547341977,"sVNT",29
111,0.320411314587173,"sVNT",47
111,0.123322493142522,"sVNT",51
111,1.97491287909987,"sVNT",112
112,1.2383722826611,"sVNT",3
112,1.36307444708121,"sVNT",49
112,1.33462700565876,"sVNT",75
112,2.09088815180552,"sVNT",83
112,3.19333950117051,"sVNT",106
113,3.27352926395206,"sVNT",6
113,3.31564445944278,"sVNT",11
113,3.28379750133386,"sVNT",62
113,3.11272729030964,"sVNT",98
113,3.22023315872744,"sVNT",108
114,2.57358397195044,"sVNT",4
114,2.66774027595951,"sVNT",17
114,2.6593238948233,"sVNT",30
114,2.34781298637401,"sVNT",39
114,4.29986144137052,"sVNT",116
115,1.35759325562926,"sVNT",3
115,1.29142175768262,"sVNT",32
115,1.17944797621411,"sVNT",48
115,1.33012434645348,"sVNT",88
115,1.05594364762124,"sVNT",110
116,1.78402604625131,"sVNT",5
116,1.84011054943161,"sVNT",32
116,1.83430191753724,"sVNT",54
116,1.98718369614235,"sVNT",87
116,1.84175387991528,"sVNT",119
117,3.84839089427014,"sVNT",2
117,3.73219896282428,"sVNT",47
117,3.68077624716507,"sVNT",85
117,3.993771784447,"sVNT",95
117,3.74487460589726,"sVNT",114
118,0.458191951679893,"sVNT",5
118,0.707814513317554,"sVNT",16
118,0.60970085263656,"sVNT",34
118,0.667937151669141,"sVNT",42
118,2.15795476911208,"sVNT",115
119,0.629331756923878,"sVNT",6
119,0.604584453827841,"sVNT",14
119,2.28973142788759,"sVNT",45
119,1.98959079078709,"sVNT",88
119,1.57477630787114,"sVNT",116
120,2.1122924431943,"sVNT",3
120,2.03392868731436,"sVNT",22
120,2.07096708805195,"sVNT",24
120,3.75501834414876,"sVNT",93
120,3.25054909690816,"sVNT",118
121,0.0405939779104063,"sVNT",4
121,0.0316010631658338,"sVNT",11
121,1.48890141748212,"sVNT",74
121,1.52206735664916,"sVNT",86
121,1.14402247192064,"sVNT",114
122,0.75918451527687,"sVNT",3
122,0.916591809140667,"sVNT",37
122,0.733358899591633,"sVNT",58
122,2.9408936384406,"sVNT",96
122,2.43871656083657,"sVNT",108
123,3.43502941155285,"sVNT",2
123,3.18417671834466,"sVNT",59
123,3.32950699841784,"sVNT",79
123,3.37861233528626,"sVNT",89
123,3.36685809302302,"sVNT",109
124,3.70886341836938,"sVNT",4
124,3.6333774248507,"sVNT",26
124,3.49272448967134,"sVNT",29
124,3.60651642500215,"sVNT",98
124,3.67449701850636,"sVNT",108
125,3.32987345498779,"sVNT",5
125,3.4055361496029,"sVNT",10
125,3.29080138341179,"sVNT",58
125,3.24327127527928,"sVNT",72
125,3.1661112104959,"sVNT",119
126,0.184233216801266,"sVNT",2
126,0.470516527507317,"sVNT",39
126,0.77110816562946,"sVNT",77
126,1.92745374841165,"sVNT",85
126,1.74027657129124,"sVNT",118
127,2.80739459568622,"sVNT",4
127,2.94095729109883,"sVNT",48
127,2.89470903605147,"sVNT",61
127,2.8032553570413,"sVNT",102
127,2.89319416921388,"sVNT",114
128,3.19349536453651,"sVNT",4
128,2.9643326134685,"sVNT",33
128,3.04586969759429,"sVNT",40
128,3.44313924626723,"sVNT",73
128,3.37502180328393,"sVNT",114
129,1.03334614154559,"sVNT",2
129,1.15954358341546,"sVNT",8
129,1.1611763410342,"sVNT",57
129,1.14132295707398,"sVNT",59
129,2.71917916254519,"sVNT",108
130,3.79067012311607,"sVNT",3
130,3.71739945662174,"sVNT",31
130,3.83611768135202,"sVNT",40
130,3.7127434984211,"sVNT",59
130,3.66673813642103,"sVNT",109
131,1.56318154448002,"sVNT",2
131,1.53988084122792,"sVNT",20
131,1.70081251573326,"sVNT",54
131,1.74014178550689,"sVNT",56
131,1.60751173421865,"sVNT",112
132,1.79920164413998,"sVNT",1
132,1.56900790005307,"sVNT",62
132,1.75749897202334,"sVNT",78
132,1.70293733663553,"sVNT",92
132,1.70121791690164,"sVNT",110
133,0.425298309885686,"sVNT",3
133,0.619043771920876,"sVNT",13
133,0.649420614429519,"sVNT",39
133,1.90348909536008,"sVNT",61
133,1.93706729556471,"sVNT",112
134,1.03930220010399,"sVNT",3
134,1.04908032137535,"sVNT",51
134,1.30170214065466,"sVNT",63
134,2.97042096565642,"sVNT",79
134,2.46827302397188,"sVNT",115
135,1.00061067940992,"sVNT",6
135,2.70463140657891,"sVNT",41
135,2.29114846279137,"sVNT",64
135,1.82353945245663,"sVNT",102
135,2.10717775955674,"sVNT",115
136,2.12873789091044,"sVNT",2
136,2.22131966911516,"sVNT",27
136,2.20354478176879,"sVNT",40
136,3.87959195465627,"sVNT",65
136,3.42463040077139,"sVNT",117
137,1.74139087706525,"sVNT",2
137,1.71518751791689,"sVNT",26
137,1.71766584765094,"sVNT",42
137,1.82628965783202,"sVNT",70
137,3.24246717687778,"sVNT",113
138,2.50845893258286,"sVNT",4
138,2.47549495898735,"sVNT",26
138,2.66278335321204,"sVNT",53
138,2.49815744634806,"sVNT",100
138,2.60751769176147,"sVNT",106
139,2.64469295022648,"sVNT",5
139,2.60255122681508,"sVNT",68
139,2.61178696703907,"sVNT",89
139,2.74416980207369,"sVNT",94
139,2.87195989720689,"sVNT",114
140,2.40859164786918,"sVNT",4
140,2.29999134434683,"sVNT",22
140,2.341623890296,"sVNT",30
140,2.35515671918645,"sVNT",46
140,4.15797621059097,"sVNT",108
141,3.95571406358654,"sVNT",1
141,4.06104409620349,"sVNT",11
141,3.88386285672296,"sVNT",72
141,3.85882397083065,"sVNT",89
141,4.05172361629107,"sVNT",116
142,3.28765838952303,"sVNT",2
142,3.54192090797704,"sVNT",9
142,3.62388319632179,"sVNT",95
142,3.49323265626458,"sVNT",104
142,3.31365633401262,"sVNT",116
143,2.42625318786227,"sVNT",1
143,2.42265646661678,"sVNT",10
143,2.2567193948708,"sVNT",70
143,2.41605510386157,"sVNT",78
143,2.25848843717073,"sVNT",116
144,2.45495165901564,"sVNT",5
144,2.49666375374264,"sVNT",13
144,2.36780700769332,"sVNT",52
144,2.43617873299908,"sVNT",88
144,2.42035873584483,"sVNT",115
145,3.90752800990455,"sVNT",2
145,3.85665365015098,"sVNT",12
145,4.13986498273376,"sVNT",41
145,4.03501500547652,"sVNT",104
145,4.01189607245394,"sVNT",116
146,3.39102775258531,"sVNT",2
146,3.49240357829337,"sVNT",25
146,3.32578211997787,"sVNT",78
146,3.39110998948121,"sVNT",102
146,3.45166229338297,"sVNT",117
147,3.31020056306918,"sVNT",6
147,3.20733130819773,"sVNT",27
147,3.23676454837529,"sVNT",56
147,3.203811304643,"sVNT",102
147,3.27590412943256,"sVNT",111
148,0.404239545751404,"sVNT",1
148,0.527759014305636,"sVNT",25
148,0.668467422732093,"sVNT",53
148,0.740272353400684,"sVNT",82
148,0.627094568708597,"sVNT",119
149,1.86260325234709,"sVNT",2
149,1.78279309779231,"sVNT",41
149,2.71121237051065,"sVNT",62
149,3.34191448451752,"sVNT",96
149,3.07866341175777,"sVNT",111
150,2.71996778914404,"sVNT",2
150,2.86680653605344,"sVNT",52
150,2.91619330398265,"sVNT",83
150,2.91496783698152,"sVNT",88
150,2.96847216029881,"sVNT",110
151,2.35798307419283,"sVNT",4
151,2.41700685805954,"sVNT",24
151,2.27628418478039,"sVNT",36
151,2.37038880282659,"sVNT",41
151,3.47393591206397,"sVNT",119
152,0.519406534144414,"sVNT",5
152,0.451709014459812,"sVNT",8
152,0.479404470133825,"sVNT",41
152,2.61656598512299,"sVNT",59
152,1.98526463857445,"sVNT",106
153,2.94412213436703,"sVNT",1
153,3.22285554674358,"sVNT",33
153,3.01633269847968,"sVNT",55
153,3.23232193876753,"sVNT",81
153,3.04102594903795,"sVNT",108
154,3.39440157270997,"sVNT",6
154,3.61536348040421,"sVNT",53
154,3.40274650439528,"sVNT",88
154,3.71236376808081,"sVNT",103
154,3.50469612181909,"sVNT",116
155,0.366195311214123,"sVNT",5
155,0.503072289305898,"sVNT",52
155,0.425924638944202,"sVNT",63
155,0.304040075924273,"sVNT",66
155,1.9420792612959,"sVNT",119
156,2.20024640342991,"sVNT",5
156,2.11494785143185,"sVNT",41
156,2.16118332398387,"sVNT",42
156,2.20387535895764,"sVNT",66
156,2.28693244613532,"sVNT",116
157,0.565205583670787,"sVNT",2
157,0.499813771944737,"sVNT",39
157,2.42235936347286,"sVNT",73
157,2.23570546449116,"sVNT",86
157,1.8389571848434,"sVNT",109
158,2.35543902774696,"sVNT",4
158,2.22643013373872,"sVNT",8
158,2.47478441023908,"sVNT",52
158,2.50514659145416,"sVNT",57
158,2.43773855025596,"sVNT",111
159,0.984667095757732,"sVNT",1
159,0.860558410465981,"sVNT",16
159,2.27863150682896,"sVNT",86
159,2.51015712379216,"sVNT",86
159,2.08053396609777,"sVNT",112
160,3.61577064453168,"sVNT",4
160,3.60424740709213,"sVNT",73
160,3.39695719650911,"sVNT",92
160,3.40761824176632,"sVNT",92
160,3.36258439880681,"sVNT",116
161,0.750634922455503,"sVNT",2
161,1.62267494140178,"sVNT",69
161,2.28957453154623,"sVNT",91
161,2.37333696465853,"sVNT",102
161,2.17643007528101,"sVNT",112
162,2.78419945513274,"sVNT",3
162,2.67641126759117,"sVNT",55
162,2.85631924518669,"sVNT",58
162,2.43743735433222,"sVNT",75
162,4.66531506225032,"sVNT",107
163,1.98911360153484,"sVNT",5
163,1.83627923408807,"sVNT",51
163,1.68093762404515,"sVNT",87
163,1.97187286543608,"sVNT",104
163,2.05347267016369,"sVNT",119
164,1.90939359069423,"sVNT",3
164,1.8792166041233,"sVNT",17
164,1.82294139754971,"sVNT",19
164,1.7003674602956,"sVNT",23
164,1.51435350276998,"sVNT",109
165,1.41287293412345,"sVNT",4
165,2.83602969980506,"sVNT",81
165,3.00123618476076,"sVNT",85
165,2.84955766839887,"sVNT",89
165,2.49563275440577,"sVNT",112
166,2.87328392987662,"sVNT",3
166,2.60174529666615,"sVNT",21
166,2.75117568954216,"sVNT",44
166,2.59880976895897,"sVNT",75
166,2.75420179837212,"sVNT",118
167,0.183203807802763,"sVNT",1
167,0.502725847799759,"sVNT",45
167,2.11173032940253,"sVNT",97
167,2.1278430198402,"sVNT",98
167,2.21314869144212,"sVNT",108
168,0.365727200043955,"sVNT",1
168,0.503958863596044,"sVNT",87
168,0.485781119713356,"sVNT",96
168,0.411043989030181,"sVNT",101
168,0.484311626010678,"sVNT",109
169,1.97769796298482,"sVNT",5
169,3.78772911698929,"sVNT",60
169,3.78591352093419,"sVNT",72
169,3.47925040412658,"sVNT",87
169,3.21216221187082,"sVNT",106
170,3.95188367355256,"sVNT",6
170,4.02591932215632,"sVNT",26
170,3.91039489397218,"sVNT",50
170,3.80944874738901,"sVNT",93
170,3.94348232569192,"sVNT",106
171,2.3937939666704,"sVNT",6
171,2.51771994040113,"sVNT",35
171,2.41194444297272,"sVNT",44
171,2.58003353983221,"sVNT",102
171,2.4193048486847,"sVNT",106
172,2.61401343877637,"sVNT",3
172,2.61619920029268,"sVNT",21
172,2.61235946439238,"sVNT",63
172,2.49463199399578,"sVNT",72
172,2.59934381429212,"sVNT",119
173,3.58827938935695,"sVNT",2
173,3.29853879237745,"sVNT",38
173,4.74977061205135,"sVNT",69
173,5.59690135349854,"sVNT",74
173,4.9095668429753,"sVNT",106
174,0.376007825265611,"sVNT",5
174,0.249723075916593,"sVNT",13
174,0.980426899662059,"sVNT",46
174,1.73681804337624,"sVNT",104
174,1.49188875308342,"sVNT",111
175,2.18946749874189,"sVNT",4
175,2.07371757594506,"sVNT",21
175,2.14919320394105,"sVNT",24
175,1.94123483107497,"sVNT",46
175,1.95231000939642,"sVNT",106
176,0.335959185053115,"sVNT",2
176,0.521190926602092,"sVNT",14
176,0.308112427603182,"sVNT",55
176,1.95199013330825,"sVNT",97
176,1.92610570335404,"sVNT",106
177,3.16891072850475,"sVNT",6
177,3.33559103806363,"sVNT",11
177,3.43510098907431,"sVNT",65
177,3.23905378391418,"sVNT",98
177,3.04547752835723,"sVNT",107
178,2.64683099917357,"sVNT",2
178,2.54807709465068,"sVNT",13
178,2.6409223515567,"sVNT",77
178,2.59294825124442,"sVNT",80
178,2.6556768103685,"sVNT",109
179,3.2320604716898,"sVNT",6
179,3.14468210267613,"sVNT",14
179,3.2726188477388,"sVNT",56
179,3.10075395693248,"sVNT",92
179,3.26476716092328,"sVNT",110
180,3.1201618451389,"sVNT",1
180,3.10353681807058,"sVNT",32
180,3.23851889272668,"sVNT",53
180,3.196559125019,"sVNT",54
180,3.20768184203584,"sVNT",108
181,2.73611470797723,"sVNT",3
181,2.78504915696245,"sVNT",60
181,2.52799973989862,"sVNT",84
181,2.71745769651889,"sVNT",85
181,2.69738595511994,"sVNT",116
182,1.4493070812826,"sVNT",6
182,1.4781786710312,"sVNT",21
182,1.41559411301941,"sVNT",51
182,1.33752160085943,"sVNT",100
182,1.37994511841128,"sVNT",117
183,0.0430791441656188,"sVNT",3
183,0.313702751076873,"sVNT",18
183,0.16773623510266,"sVNT",27
183,0.167151470461077,"sVNT",82
183,0.0624587141934222,"sVNT",108
184,0.0827464288124078,"sVNT",4
184,0.0163211379350341,"sVNT",22
184,0,"sVNT",56
184,0.239815601752018,"sVNT",66
184,0.098349732230519,"sVNT",119
185,3.52636355140505,"sVNT",4
185,3.34378597206896,"sVNT",21
185,3.4908254214405,"sVNT",43
185,3.62281226136669,"sVNT",67
185,3.50365632603314,"sVNT",115
186,2.33722211130258,"sVNT",5
186,2.32674891339119,"sVNT",18
186,2.40087054734116,"sVNT",52
186,2.38276162115083,"sVNT",70
186,2.35548078405494,"sVNT",114
187,0.662696290651827,"sVNT",6
187,2.21896914999465,"sVNT",36
187,2.26042260546807,"sVNT",70
187,1.97016312109605,"sVNT",89
187,2.02291677245249,"sVNT",107
188,3.27097112121742,"sVNT",6
188,3.47628661563513,"sVNT",10
188,3.48015491784456,"sVNT",38
188,3.38167192058701,"sVNT",41
188,3.55507294896614,"sVNT",114
189,3.84635688013063,"sVNT",2
189,3.75270818201647,"sVNT",31
189,4.02090549467072,"sVNT",47
189,5.75678691543753,"sVNT",80
189,5.35502949615081,"sVNT",110
190,1.49660146918259,"sVNT",6
190,1.57631764025776,"sVNT",43
190,1.56174357908747,"sVNT",70
190,1.47926697710737,"sVNT",104
190,1.51584937015783,"sVNT",111
191,1.83759819947265,"sVNT",2
191,1.96771287945,"sVNT",36
191,2.09960174674868,"sVNT",69
191,2.00599766232418,"sVNT",92
191,2.02336597691989,"sVNT",114
192,2.87174258620467,"sVNT",1
192,2.7955607120237,"sVNT",46
192,2.8699340844931,"sVNT",92
192,3.0746867441894,"sVNT",100
192,2.95082132965722,"sVNT",118
193,2.43207218419773,"sVNT",2
193,2.33031467080059,"sVNT",10
193,2.32184748168451,"sVNT",71
193,2.3605349607775,"sVNT",100
193,2.48137621125969,"sVNT",106
194,1.46363531960004,"sVNT",3
194,1.2381944653862,"sVNT",79
194,1.43279866185159,"sVNT",83
194,1.28277673415128,"sVNT",96
194,1.42259169274738,"sVNT",109
195,2.01086242055162,"sVNT",1
195,1.94102306022664,"sVNT",21
195,1.93560123308918,"sVNT",23
195,2.01483169391229,"sVNT",26
195,1.97676227894705,"sVNT",106
196,1.91965101873611,"sVNT",1
196,2.15173390195205,"sVNT",32
196,2.22289584128381,"sVNT",50
196,2.2472088231734,"sVNT",87
196,3.9184249689517,"sVNT",109
197,1.31418330643538,"sVNT",1
197,1.28426164684925,"sVNT",15
197,1.30137421102999,"sVNT",25
197,1.42208472153159,"sVNT",68
197,3.09630444199355,"sVNT",112
198,2.01642039714081,"sVNT",3
198,2.19147831342356,"sVNT",37
198,2.39281990246567,"sVNT",60
198,2.09233055184121,"sVNT",74
198,2.10879126180266,"sVNT",118
199,3.71225091509395,"sVNT",4
199,3.78547731948598,"sVNT",37
199,3.91086159151736,"sVNT",41
199,3.79874530797512,"sVNT",48
199,4.92817855235177,"sVNT",115
200,0.994492648783633,"sVNT",1
200,0.871218651101228,"sVNT",20
200,0.900245213140121,"sVNT",23
200,0.900492212423163,"sVNT",44
200,2.62846831281463,"sVNT",118
